100
299 84
136 283
72 76
62 42
266 227
174 13
121 269
15 17
6 114
297 16
264 125
204 264
21 248
255 130
257 251
220 14
296 283
113 94
255 240
151 147
36 40
5 298
21 283
148 142
192 284
17 10
217 121
107 95
265 84
97 157
236 88
293 237
21 71
54 114
261 4
268 157
115 5
300 280
187 138
284 149
180 230
224 160
44 115
210 257
20 154
112 35
34 294
52 286
236 206
225 280
256 168
215 136
40 219
160 180
61 285
43 51
256 215
265 292
121 174
84 59
206 35
247 124
37 153
294 286
88 284
51 195
201 150
4 164
54 279
47 55
284 194
85 44
247 296
222 300
291 212
6 109
35 177
218 11
247 130
34 267
36 217
158 220
245 178
253 202
142 200
172 10
261 187
101 267
274 145
207 203
249 283
267 283
237 128
161 163
232 260
48 151
30 135
117 108
146 150
115 300
